181,208
181,366
181,365
181,364
181,363
181,206
181,362
181,397
181,62
181,226
181,361
181,223
181,396
181,57
181,58
181,360
181,225
181,224
181,359
181,395
181,394
181,202
181,358
181,61
181,357
181,356
181,355
181,393
181,354
181,53
181,353
181,51
181,352
181,351
181,392
181,350
181,52
181,349
181,348
181,347
181,346
181,345
181,344
181,391
181,29
181,343
181,342
181,390
181,389
181,209
181,341
181,388
181,340
181,35
181,339
181,222
181,338
181,219
181,337
181,387
181,336
181,196
181,386
181,335
181,334
181,333
181,385
181,332
181,331
181,330
181,329
181,328
181,327
181,326
181,384
181,200
181,325
181,324
181,323
181,322
181,321
181,320
181,319
181,318
181,215
181,221
181,317
181,201
181,316
181,220
181,198
181,315
181,214
181,314
181,313
181,312
181,218
181,56
181,311
181,310
181,309
181,308
181,307
181,306
181,217
181,305
181,304
181,216
181,303
181,192
181,302
181,301
181,300
181,299
181,298
181,297
181,211
181,296
181,295
181,294
181,293
181,292
181,210
181,291
181,290
181,213
181,19
181,289
181,288
181,287
181,286
181,285
181,284
181,283
181,282
181,281
181,280
181,279
181,278
181,277
181,212
181,276
181,207
181,275
181,274
181,273
8,20
181,272
181,271
181,270
181,269
181,204
181,195
181,268
181,267
181,266
181,265
181,264
181,263
181,262
181,261
181,50
181,260
181,259
181,258
181,257
181,256
181,191
181,203
181,190
181,193
181,189
181,188
181,187
181,186
181,185
181,205
181,184
181,183
181,182
181,199
181,181
181,180
181,179
181,178
181,177
181,176
181,175
181,174
181,173
181,172
181,171
181,170
181,197
181,169
181,168
181,167
181,166
181,165
181,164
181,18
181,163
181,162
181,161
181,160
181,194
181,159
181,158
181,157
181,156
181,155
181,154
181,153
181,152
181,151
181,150
181,149
181,63
181,148
181,147
181,146
181,145
181,144
181,143
181,142
181,141
181,140
181,139
181,138
181,137
181,60
181,136
181,135
181,134
181,133
181,132
181,131
181,130
181,129
181,128
181,59
181,127
181,126
181,125
181,124
181,123
181,122
181,121
181,120
181,119
181,118
181,117
181,116
181,115
181,114
181,55
181,113
181,112
181,111
181,110
181,109
181,108
181,107
181,54
181,106
181,105
181,104
181,103
181,102
181,101
181,100
1,8
1,7
1,6
1,5
1,4
1,3
1,2
1,1
1,0
0,511
0,507
0,499
0,488
0,487
0,486
0,478
0,477
0,476
0,465
0,463
0,458
0,457
0,456
0,451
0,449
0,447
0,443
0,420
0,417
0,416
0,414
0,413
0,411
0,409
0,408
0,407
0,406
0,402
0,401
0,400
0,399
0,398
0,397
0,396
0,395
0,394
0,390
0,389
0,382
0,378
0,364
0,358
0,350
9,1
0,325
9,3
0,324
0,323
9,0
0,322
5,6
42,7
0,319
42,1
0,315
42,3
0,313
0,445
0,309
0,392
0,306
0,243
42,0
179,1
179,3
179,0
181,99
181,1
181,3
0,448
0,454
181,0
5,5
5,7
5,1
5,3
5,0
0,412
0,9
0,310
0,305
0,374
0,356
0,355
0,338
0,459
0,455
0,450
0,446
0,442
0,469
0,467
0,481
0,453
0,343
0,484
0,503
0,485
0,510
0,308
0,304
0,303
0,302
0,307
0,444
0,12
0,357
0,10
0,466
0,8
0,0
0,475
0,300
0,496
0,299
0,494
0,298
0,354
0,297
0,326
0,296
0,434
0,295
0,321
0,294
0,353
0,293
0,433
0,292
0,429
0,291
0,468
0,290
0,480
0,289
0,361
0,288
0,348
0,287
0,506
0,286
0,482
0,285
0,384
0,284
0,367
0,283
0,366
0,282
0,335
0,281
0,493
0,280
0,500
0,279
0,498
0,278
0,359
0,277
0,393
0,276
0,423
0,275
2,0
2,1
2,3
2,4
2,6
2,7
2,9
2,11
2,12
2,14
2,15
2,17
2,19
2,20
2,22
2,23
2,25
2,26
2,28
2,30
2,31
2,33
2,34
2,64
2,66
2,67
2,69
2,70
2,72
2,73
2,75
2,77
2,78
2,80
2,81
2,83
2,85
2,86
2,88
2,89
2,91
2,92
2,94
2,96
2,97
2,99
2,100
2,102
2,104
2,105
2,107
2,108
2,110
2,112
2,113
2,115
2,116
2,118
2,119
2,128
4,1
4,3
5,4
5,8
6,0
6,2
6,3
6,5
6,6
6,8
6,9
6,11
6,13
6,14
6,16
6,17
6,19
6,21
7,0
7,2
7,3
7,5
7,6
7,8
7,10
7,11
7,13
7,14
7,16
7,18
7,19
7,21
8,0
8,2
8,4
8,5
8,7
8,8
8,10
8,11
8,13
8,15
8,16
8,18
8,19
8,21
8,23
8,24
9,2
9,4
9,6
9,7
10,0
10,2
10,3
11,0
11,1
11,3
11,5
11,6
12,1
12,2
12,4
13,0
13,2
13,4
13,5
13,7
13,8
14,1
14,3
14,4
14,6
14,7
15,1
15,2
15,4
15,6
16,0
16,2
16,3
16,5
16,7
17,0
17,2
17,3
17,5
17,7
17,8
18,0
18,1
18,3
18,4
19,0
19,2
19,3
20,0
20,1
20,3
21,0
21,1
21,3
21,4
22,0
22,1
22,3
22,5
23,0
23,2
23,3
23,5
24,1
24,2
24,4
24,5
24,7
24,8
24,10
24,12
24,13
24,15
25,0
25,2
25,4
26,0
26,2
26,3
26,5
26,7
26,8
27,1
27,2
28,0
28,1
28,3
29,0
29,1
29,3
29,4
29,6
30,1
30,2
30,4
30,5
30,7
31,0
31,2
31,4
31,5
32,0
32,1
32,3
32,5
32,6
33,0
33,1
33,3
33,4
34,0
34,2
34,3
34,5
35,0
35,2
35,4
35,5
36,0
36,1
36,3
36,4
37,0
37,2
37,3
37,5
37,6
38,1
38,3
38,4
38,6
39,0
39,2
39,4
39,5
40,0
40,1
40,3
40,4
41,1
41,3
41,4
42,4
42,5
42,8
43,1
43,2
43,4
43,5
43,7
43,8
43,10
43,12
43,13
43,15
43,16
43,18
44,1
44,2
44,4
44,5
45,1
45,2
45,4
45,6
46,0
46,2
46,3
47,0
47,2
47,3
47,5
48,0
48,2
48,4
48,5
48,7
48,8
49,0
49,1
49,3
49,5
49,6
50,1
50,2
50,4
50,6
51,0
51,2
51,3
51,5
51,6
52,1
52,3
52,4
52,6
52,7
53,1
53,3
53,4
53,6
53,7
54,1
54,2
54,4
54,6
54,7
55,1
55,2
55,4
55,6
55,7
55,9
55,10
56,1
56,3
56,4
57,0
57,1
57,3
57,4
57,6
58,1
58,2
59,0
59,1
59,3
59,5
59,6
59,8
59,9
59,11
60,0
60,2
60,4
60,5
61,0
61,1
61,3
61,5
61,6
62,1
62,2
62,4
62,5
63,0
63,2
63,3
63,5
63,6
64,1
64,3
64,4
64,6
64,7
64,9
64,10
65,1
65,3
65,4
65,6
65,7
65,9
65,11
65,12
65,14
65,15
65,17
65,19
65,20
65,22
65,23
65,25
65,26
65,28
65,30
65,31
65,33
65,34
65,36
65,38
65,39
65,41
65,42
66,1
66,2
66,4
66,6
67,0
67,2
67,3
67,5
68,1
68,2
69,0
69,1
69,3
70,0
70,2
70,4
71,0
71,2
71,3
71,5
71,7
72,0
72,2
72,3
72,5
72,7
73,0
73,2
73,3
73,5
73,6
74,1
74,3
74,4
75,0
75,1
75,3
75,5
75,6
76,1
76,2
76,4
76,5
77,0
77,2
77,3
78,0
78,1
78,3
79,0
79,1
79,3
79,4
80,1
80,2
80,4
80,6
80,7
81,1
81,2
81,4
81,6
82,0
82,2
82,3
83,0
83,1
83,3
84,0
84,1
84,3
84,4
85,1
85,3
85,4
86,1
86,2
87,0
87,2
87,3
87,5
88,0
88,2
88,3
89,0
89,2
89,3
90,0
90,1
90,3
91,0
91,1
91,3
92,0
92,2
92,3
93,1
93,3
93,4
94,1
94,2
94,4
95,1
95,2
95,4
95,5
96,0
96,1
96,3
97,0
97,1
97,3
97,4
98,1
98,3
98,4
99,1
99,2
99,4
100,0
100,1
100,3
100,4
100,6
100,7
101,1
101,3
101,4
101,6
102,0
102,2
102,4
102,5
103,1
103,2
103,4
103,5
103,7
103,9
103,10
103,12
104,0
104,2
104,4
104,5
104,7
104,8
105,0
105,1
105,3
105,5
105,6
105,8
105,9
106,1
106,3
106,4
106,6
106,7
106,9
107,0
107,2
107,4
107,5
107,7
107,8
107,10
108,0
108,1
108,3
108,4
108,6
108,8
108,9
108,11
108,12
109,1
109,2
109,4
110,1
110,2
110,4
110,5
110,7
111,1
111,2
112,0
112,1
112,3
112,4
113,0
113,2
113,3
113,5
113,6
115,0
115,2
115,3
115,5
115,6
116,0
116,1
116,3
116,5
117,0
117,2
117,3
117,5
118,1
118,2
118,4
118,5
119,0
119,2
119,3
119,5
120,0
120,2
120,3
121,0
121,2
121,3
121,5
121,6
122,1
122,3
122,4
123,0
123,1
123,3
123,4
124,1
124,3
124,4
125,0
125,1
125,3
125,5
126,0
126,2
126,3
127,1
127,2
127,4
128,0
128,1
128,3
128,4
129,0
129,2
129,3
129,5
129,6
130,1
130,3
130,4
131,0
131,1
131,3
131,4
132,1
132,3
133,0
133,2
133,3
133,5
133,7
133,8
133,10
133,11
133,13
133,14
133,16
133,18
133,19
133,21
133,22
133,24
133,26
133,27
133,29
133,30
133,32
133,33
133,35
133,37
133,38
133,40
133,41
133,43
133,45
133,46
133,48
133,49
133,51
133,52
133,54
133,56
133,57
133,59
133,60
133,62
133,64
133,65
133,67
133,68
133,70
133,72
133,73
133,75
133,76
133,78
133,79
133,81
133,83
133,84
133,86
133,87
133,89
133,91
133,92
133,94
133,95
133,97
133,98
133,100
133,102
133,103
133,105
133,106
133,108
133,110
133,111
133,113
133,114
133,116
133,117
133,119
133,121
133,122
133,124
133,125
133,127
133,129
133,130
133,132
133,133
133,135
133,137
133,138
133,140
133,141
133,143
133,144
133,146
133,148
133,149
133,151
133,152
133,154
133,156
133,157
133,159
133,160
133,162
133,163
133,165
133,167
133,168
133,193
133,194
133,196
133,198
133,199
133,201
133,202
133,204
133,205
133,207
134,1
134,2
134,4
134,5
135,1
135,3
135,4
135,6
136,0
136,2
136,3
137,1
137,3
137,4
138,0
138,1
138,3
139,1
139,2
139,4
140,0
140,2
140,4
141,0
141,2
141,3
141,5
141,6
142,1
142,3
142,4
142,6
143,0
143,2
143,4
143,5
144,1
144,2
144,4
145,0
145,2
145,4
145,5
145,7
145,8
145,10
145,12
145,13
145,15
146,0
146,2
146,3
146,5
146,7
147,0
147,2
147,3
147,5
148,1
148,2
148,4
148,5
148,7
148,9
149,0
149,2
149,3
149,5
150,0
150,2
150,4
151,0
151,2
151,3
151,5
151,7
152,0
152,2
152,3
153,1
153,2
154,0
154,2
154,3
154,5
154,6
155,0
155,2
155,3
155,5
156,0
156,2
156,3
156,5
157,0
157,1
157,3
157,4
158,0
158,2
158,3
158,5
159,0
159,2
159,3
159,5
159,7
160,0
160,2
160,3
160,5
161,1
161,2
161,4
161,5
162,1
162,3
162,4
162,6
162,7
163,1
163,2
163,4
163,6
164,0
164,2
164,3
165,0
165,2
165,3
165,5
165,6
166,1
166,2
166,4
166,6
167,0
167,2
167,3
168,0
168,2
168,3
168,5
168,6
169,0
169,1
169,3
169,5
169,6
170,1
170,2
170,4
170,6
170,7
171,1
171,2
171,4
172,1
172,2
172,4
172,5
173,1
173,2
173,4
174,1
174,2
174,4
174,5
175,0
175,2
175,3
175,5
175,6
176,1
176,2
176,4
176,6
177,0
177,2
177,3
178,0
178,2
178,3
178,5
178,6
179,4
180,0
180,2
180,4
180,5
181,2
181,4
181,6
181,8
181,9
181,11
181,12
181,14
181,16
181,17
181,20
181,22
181,23
181,25
181,27
181,28
181,30
181,31
181,33
181,36
181,38
181,39
181,41
181,42
181,44
181,46
181,47
181,49
181,64
181,65
181,67
181,68
181,70
181,72
181,73
181,75
181,76
181,78
181,80
181,81
181,83
181,84
181,86
181,87
181,89
181,91
181,92
181,94
181,95
181,97
182,0
182,1
182,3
182,4
183,1
183,3
183,4
184,0
184,1
184,3
184,4
185,1
185,3
185,4
185,6
185,7
186,1
186,3
186,4
187,0
187,1
187,3
187,4
187,6
188,0
188,1
188,3
188,4
188,6
188,8
189,0
189,2
189,3
189,5
189,6
190,0
190,2
190,3
190,5
191,0
191,2
191,4
191,5
192,0
192,1
192,3
192,5
192,6
193,1
193,2
193,4
193,5
194,0
194,2
194,3
194,5
195,0
195,2
195,4
195,5
196,1
196,2
196,4
196,5
197,1
197,3
197,4
198,0
198,1
198,3
198,5
198,6
199,0
199,1
199,3
199,4
200,0
200,2
200,3
200,5
200,6
201,1
201,3
201,4
201,6
201,7
202,0
202,1
202,3
202,5
203,0
203,2
203,3
204,1
204,3
204,4
205,0
205,1
205,3
205,5
205,6
206,1
206,2
206,4
206,5
207,0
207,2
207,3
207,5
208,0
208,2
208,4
208,5
209,1
209,2
209,4
209,5
210,0
210,2
210,3
210,5
211,0
211,2
211,4
211,5
212,1
212,2
212,4
212,5
213,0
213,2
213,3
213,5
214,0
214,2
214,4
214,5
215,0
215,1
215,3
215,5
216,0
216,2
216,3
216,5
216,6
217,1
217,3
217,4
218,0
218,1
218,3
218,5
218,6
219,1
219,2
219,4
219,5
220,1
220,3
220,4
221,0
221,1
221,3
221,5
221,6
221,8
221,9
222,1
222,2
222,4
222,6
222,7
222,9
222,10
222,12
222,14
222,15
222,17
222,18
222,20
222,21
222,23
222,25
222,26
222,28
222,29
222,31
222,33
222,34
222,36
222,64
222,66
222,68
222,69
222,71
222,72
222,74
222,75
223,1
223,3
223,4
224,0
224,1
224,3
224,5
225,0
225,2
225,3
225,5
226,0
226,2
226,4
227,0
227,2
227,3
227,5
227,7
227,8
228,1
228,2
228,4
229,0
229,2
229,4
230,0
230,2
230,3
230,5
230,7
231,0
231,2
231,3
232,0
232,2
232,3
232,5
232,6
233,1
233,2
233,4
233,6
234,0
234,2
234,3
234,5
235,0
235,1
235,3
235,4
235,6
236,0
236,2
236,4
236,5
237,0
237,1
237,3
237,5
237,6
238,0
238,1
238,3
239,0
239,2
239,4
240,0
240,2
240,3
241,0
241,2
241,3
242,0
242,1
242,3
242,5
243,0
243,2
243,3
243,5
244,0
244,2
244,4
245,0
245,2
245,3
246,0
246,2
246,3
246,5
247,0
247,2
247,3
247,5
248,1
248,2
248,4
249,0
249,2
249,4
250,0
250,2
250,3
251,0
251,1
251,3
251,5
251,6
252,1
252,2
252,4
253,1
253,2
253,4
254,0
254,2
254,3
255,0
255,2
255,3
256,0
256,1
256,3
257,0
257,1
257,3
257,4
258,1
258,3
258,4
259,1
259,2
259,4
260,0
260,2
260,4
261,0
261,2
261,3
262,0
262,2
262,3
263,0
263,1
263,3
263,4
264,1
264,3
264,4
265,1
265,2
265,4
266,0
266,1
266,3
266,4
267,1
267,2
267,4
268,0
268,1
268,3
268,4
269,1
269,3
269,4
270,1
270,2
270,4
271,1
271,2
271,4
271,5
272,1
272,2
272,4
272,6
272,7
273,0
273,1
273,3
273,5
273,6
274,0
274,1
274,3
274,4
274,6
275,0
275,1
275,3
275,4
276,0
276,2
276,3
276,5
276,6
277,1
277,2
277,4
277,6
278,0
278,2
278,3
279,0
279,2
279,3
279,5
279,6
280,0
280,1
280,3
280,5
281,0
281,2
281,3
282,1
282,3
282,4
282,6
282,7
283,1
283,3
283,4
283,6
283,7
284,1
284,2
284,4
285,1
285,2
285,4
286,0
286,2
286,4
287,0
287,2
287,3
287,5
287,6
288,0
288,2
288,3
288,5
288,6
289,0
289,2
289,3
289,5
289,6
289,8
290,0
290,2
290,4
291,0
291,2
291,3
292,0
292,2
292,3
292,5
292,6
293,1
293,3
293,4
294,1
294,2
294,4
294,5
295,1
295,3
295,4
296,0
296,1
296,3
296,5
297,0
297,2
297,3
298,0
298,1
298,3
299,0
299,1
299,3
299,4
300,0
300,2
300,3
300,5
300,6
301,1
301,2
301,4
302,0
302,1
302,3
302,4
302,6
303,1
303,2
303,4
303,5
304,0
304,1
304,3
304,5
305,0
305,2
305,3
306,0
306,2
306,3
307,0
307,1
307,3
307,5
307,6
308,0
308,1
308,3
308,4
308,6
308,8
308,9
309,1
309,2
309,4
309,6
310,0
310,2
310,3
310,5
310,6
311,1
311,3
311,4
311,6
312,0
312,2
312,4
312,5
312,7
313,0
313,2
313,3
314,0
314,2
314,3
314,5
314,6
315,0
315,2
315,3
315,5
315,6
316,1
316,3
316,4
317,1
317,2
317,4
317,5
318,0
318,2
318,3
319,0
319,1
319,3
320,0
320,1
320,3
320,4
321,0
321,1
321,3
322,1
322,2
322,4
323,0
323,2
323,4
323,5
323,7
323,8
324,1
324,2
324,4
325,0
325,1
325,3
325,4
326,1
326,3
326,4
327,1
327,2
327,4
328,1
328,2
328,4
329,0
329,2
329,3
329,5
330,1
330,2
330,4
330,5
330,7
331,1
331,2
331,4
331,5
332,1
332,2
332,4
333,0
333,1
333,3
333,4
333,6
334,1
334,2
334,4
334,5
335,0
335,1
335,3
336,0
336,1
336,3
336,4
337,1
337,3
337,4
337,6
338,0
338,2
338,3
339,0
339,2
339,3
339,5
339,6
340,0
340,2
340,3
341,0
341,1
341,3
341,5
342,0
342,2
342,3
343,0
343,1
343,3
344,0
344,1
344,3
344,4
345,0
345,2
345,3
345,5
346,0
346,2
346,3
347,0
347,2
347,3
347,5
347,6
348,1
348,3
348,4
348,6
348,7
349,0
349,1
349,3
349,5
350,0
350,2
350,3
351,0
351,2
351,3
352,0
352,1
352,3
352,5
353,0
353,2
353,3
354,0
354,1
354,3
355,0
355,1
355,3
355,4
356,1
356,3
356,4
356,6
356,7
357,1
357,2
357,4
358,0
358,1
358,3
358,4
358,6
359,1
359,2
359,4
359,5
360,1
360,2
360,4
360,6
361,0
361,2
361,3
361,5
362,1
362,2
362,4
362,5
363,0
363,1
363,3
363,5
364,0
364,2
364,3
365,0
365,2
365,3
366,1
366,2
366,4
366,6
367,0
367,2
367,3
367,5
368,0
368,2
368,4
369,0
369,2
369,3
370,0
370,2
370,3
370,5
371,0
371,2
371,3
371,5
372,1
372,2
372,4
373,0
373,2
373,4
374,0
374,2
374,3
374,5
375,0
375,2
376,0
376,1
376,3
376,4
377,1
377,3
377,4
377,6
378,0
378,2
378,4
378,5
379,0
379,1
379,3
379,4
380,0
380,2
380,3
380,5
380,6
381,1
381,3
381,4
382,0
382,1
382,3
382,4
382,6
382,8
383,0
383,2
383,3
383,5
384,0
384,1
384,3
384,4
384,6
385,0
385,2
385,4
385,5
386,0
386,1
386,3
387,0
387,1
387,3
387,4
388,0
388,1
388,3
389,0
389,1
389,3
389,4
390,1
390,3
390,4
390,6
391,0
391,2
391,4
391,5
392,1
392,2
392,4
393,0
393,2
393,4
393,5
394,1
394,2
394,4
394,6
395,0
395,2
395,3
395,5
396,0
396,2
396,4
396,5
397,0
397,1
397,3
397,5
398,0
398,2
398,3
398,5
398,6
399,1
399,3
399,4
399,6
399,7
400,0
400,2
400,3
401,0
401,1
401,3
401,5
401,6
402,1
402,2
402,4
402,5
403,1
403,3
403,4
404,1
404,2
404,4
405,1
405,2
405,4
405,5
405,7
406,0
406,2
407,0
407,1
407,3
407,4
408,1
408,3
408,4
409,1
409,2
409,4
409,5
410,0
410,2
410,3
411,0
411,1
411,3
412,0
412,1
412,3
412,4
413,1
413,3
413,4
413,6
413,7
414,1
414,2
414,4
415,1
415,2
415,4
415,5
416,1
416,3
416,4
417,1
417,2
417,4
417,5
419,1
419,3
419,4
419,6
419,7
419,9
420,1
420,2
421,0
421,1
421,3
422,0
422,2
423,0
423,1
423,3
424,0
424,2
425,0
425,1
425,3
426,0
426,2
426,3
427,1
427,3
428,0
428,2
428,3
429,1
429,3
430,0
430,2
430,3
431,1
431,3
431,4
431,6
432,0
432,2
432,3
433,0
433,2
433,3
433,5
433,6
433,8
433,10
433,11
434,1
434,2
434,4
434,5
435,0
435,2
435,3
435,5
435,6
436,1
436,3
436,4
437,1
437,2
437,4
437,5
438,1
438,3
438,4
438,6
439,0
439,2
439,4
439,5
440,1
440,2
440,4
441,0
441,1
441,3
441,4
442,1
442,2
442,4
443,0
443,1
443,3
444,0
444,2
444,4
444,5
444,7
445,0
445,2
445,3
446,1
446,3
447,0
447,2
447,3
447,5
448,0
448,1
448,3
448,4
448,6
449,0
449,2
449,4
450,0
450,2
450,3
450,5
450,7
451,0
451,2
451,3
451,5
452,0
452,2
452,4
452,5
453,1
453,2
453,4
454,0
454,1
454,3
454,4
454,6
455,1
455,2
455,4
456,0
456,2
456,3
456,5
457,1
457,2
457,4
457,5
457,7
458,1
458,2
458,4
458,5
459,1
459,2
459,4
460,0
460,1
460,3
461,0
461,2
461,4
461,5
462,1
462,2
462,4
463,0
463,2
463,4
463,5
464,1
464,2
464,4
465,0
465,1
465,3
465,4
466,0
466,2
466,3
466,5
467,0
467,2
467,3
467,5
468,1
468,2
468,4
469,0
469,2
469,4
469,5
470,1
470,2
470,4
470,5
471,1
471,3
471,4
472,0
472,1
472,3
473,0
473,1
473,3
474,0
474,2
474,3
474,5
474,7
475,0
475,2
475,3
476,0
476,2
476,3
477,0
477,1
477,3
477,4
478,1
478,3
478,4
479,1
479,2
479,4
480,0
480,1
480,3
480,4
481,1
481,3
481,4
482,1
482,2
482,4
483,0
483,2
483,4
484,0
484,2
484,3
485,0
485,2
485,3
486,0
486,1
486,3
486,4
486,6
486,8
486,9
486,11
486,12
486,14
486,16
486,17
486,19
486,20
486,22
486,23
486,25
486,27
486,28
486,30
486,31
486,33
486,35
486,36
486,38
486,39
486,41
486,43
486,44
486,46
486,47
486,49
486,50
486,52
486,54
486,55
487,0
487,1
487,3
490,0
490,1
490,3
491,0
491,2
491,3
491,5
491,4
491,1
490,2
487,4
487,2
486,56
486,53
486,51
486,48
486,45
486,42
486,40
486,37
486,34
486,32
486,29
486,26
486,24
486,21
486,18
486,15
486,13
486,10
486,7
486,5
486,2
485,4
485,1
484,4
484,1
483,3
483,1
482,3
482,0
481,2
481,0
480,2
479,5
479,3
479,0
478,2
478,0
477,2
476,4
476,1
475,4
475,1
474,6
474,4
474,1
473,2
472,4
472,2
471,5
471,2
471,0
470,3
470,0
469,3
469,1
468,3
468,0
467,4
467,1
466,4
466,1
465,5
465,2
464,5
464,3
464,0
463,3
463,1
462,3
462,0
461,3
461,1
460,2
459,5
459,3
459,0
458,3
458,0
457,6
457,3
457,0
456,4
456,1
455,3
455,0
454,5
454,2
453,5
453,3
453,0
452,3
452,1
451,4
451,1
450,6
450,4
450,1
449,3
449,1
448,5
448,2
447,6
447,4
447,1
446,2
446,0
445,1
444,6
444,3
444,1
443,2
442,5
442,3
442,0
441,2
440,5
440,3
440,0
439,3
439,1
438,5
438,2
438,0
437,3
437,0
436,2
436,0
435,4
435,1
434,6
434,3
434,0
433,9
433,7
433,4
433,1
432,4
432,1
431,5
431,2
431,0
430,1
429,2
429,0
428,1
427,2
427,0
426,1
425,2
424,3
424,1
423,2
422,3
422,1
421,2
420,3
420,0
419,8
419,5
419,2
419,0
417,3
417,0
416,2
416,0
415,3
415,0
414,3
414,0
413,5
413,2
413,0
412,2
411,4
411,2
410,4
410,1
409,6
409,3
409,0
408,2
408,0
407,2
406,3
406,1
405,6
405,3
405,0
404,3
404,0
403,2
403,0
402,3
402,0
401,4
401,2
400,4
400,1
399,8
399,5
399,2
399,0
398,4
398,1
397,4
397,2
396,6
396,3
396,1
395,4
395,1
394,5
394,3
394,0
393,3
393,1
392,3
392,0
391,3
391,1
390,5
390,2
390,0
389,2
388,4
388,2
387,5
387,2
386,4
386,2
385,6
385,3
385,1
384,5
384,2
383,6
383,4
383,1
382,7
382,5
382,2
381,5
381,2
381,0
380,4
380,1
379,5
379,2
378,6
378,3
378,1
377,5
377,2
377,0
376,2
375,3
375,1
374,4
374,1
373,3
373,1
372,3
372,0
371,4
371,1
370,4
370,1
369,4
369,1
368,3
368,1
367,4
367,1
366,5
366,3
366,0
365,1
364,4
364,1
363,4
363,2
362,6
362,3
362,0
361,4
361,1
360,5
360,3
360,0
359,3
359,0
358,5
358,2
357,5
357,3
357,0
356,5
356,2
356,0
355,2
354,4
354,2
353,4
353,1
352,4
352,2
351,4
351,1
350,4
350,1
349,4
349,2
348,8
348,5
348,2
348,0
347,4
347,1
346,4
346,1
345,4
345,1
344,5
344,2
343,4
343,2
342,4
342,1
341,4
341,2
340,4
340,1
339,7
339,4
339,1
338,4
338,1
337,5
337,2
337,0
336,2
335,4
335,2
334,6
334,3
334,0
333,5
333,2
332,5
332,3
332,0
331,3
331,0
330,6
330,3
330,0
329,4
329,1
328,3
328,0
327,3
327,0
326,2
326,0
325,2
324,5
324,3
324,0
323,6
323,3
323,1
322,3
322,0
321,2
320,5
320,2
319,4
319,2
318,4
318,1
317,6
317,3
317,0
316,2
316,0
315,4
315,1
314,7
314,4
314,1
313,4
313,1
312,6
312,3
312,1
311,5
311,2
311,0
310,4
310,1
309,5
309,3
309,0
308,7
308,5
308,2
307,7
307,4
307,2
306,4
306,1
305,4
305,1
304,4
304,2
303,6
303,3
303,0
302,5
302,2
301,5
301,3
301,0
300,4
300,1
299,5
299,2
298,4
298,2
297,4
297,1
296,4
296,2
295,5
295,2
295,0
294,3
294,0
293,2
293,0
292,4
292,1
291,4
291,1
290,3
290,1
289,7
289,4
289,1
288,7
288,4
288,1
287,7
287,4
287,1
286,3
286,1
285,3
285,0
284,3
284,0
283,5
283,2
283,0
282,5
282,2
282,0
281,1
280,4
280,2
279,7
279,4
279,1
278,4
278,1
277,5
277,3
277,0
276,4
276,1
275,5
275,2
274,7
274,5
274,2
273,7
273,4
273,2
272,8
272,5
272,3
272,0
271,3
271,0
270,3
270,0
269,2
269,0
268,2
267,5
267,3
267,0
266,2
265,5
265,3
265,0
264,2
264,0
263,2
262,4
262,1
261,4
261,1
260,3
260,1
259,3
259,0
258,2
258,0
257,2
256,4
256,2
255,4
255,1
254,4
254,1
253,3
253,0
252,3
252,0
251,4
251,2
250,4
250,1
249,3
249,1
248,3
248,0
247,4
247,1
246,4
246,1
245,4
245,1
244,3
244,1
243,4
243,1
242,4
242,2
241,4
241,1
240,4
240,1
239,3
239,1
238,2
237,7
237,4
237,2
236,6
236,3
236,1
235,5
235,2
234,6
234,4
234,1
233,5
233,3
233,0
232,4
232,1
231,4
231,1
230,6
230,4
230,1
229,3
229,1
228,3
228,0
227,6
227,4
227,1
226,3
226,1
225,4
225,1
224,4
224,2
223,5
223,2
223,0
222,73
222,70
222,67
222,65
222,35
222,32
222,30
222,27
222,24
222,22
222,19
222,16
222,13
222,11
222,8
222,5
222,3
222,0
221,7
221,4
221,2
220,5
220,2
220,0
219,3
219,0
218,4
218,2
217,5
217,2
217,0
216,4
216,1
215,4
215,2
214,6
214,3
214,1
213,4
213,1
212,6
212,3
212,0
211,3
211,1
210,4
210,1
209,6
209,3
209,0
208,3
208,1
207,4
207,1
206,6
206,3
206,0
205,4
205,2
204,5
204,2
204,0
203,1
202,4
202,2
201,8
201,5
201,2
201,0
200,4
200,1
199,5
199,2
198,7
198,4
198,2
197,5
197,2
197,0
196,3
196,0
195,3
195,1
194,4
194,1
193,6
193,3
193,0
192,4
192,2
191,6
191,3
191,1
190,4
190,1
189,7
189,4
189,1
188,7
188,5
188,2
187,7
187,5
187,2
186,5
186,2
186,0
185,5
185,2
185,0
184,2
183,5
183,2
183,0
182,2
181,98
181,96
181,93
181,90
181,88
181,85
181,82
181,79
181,77
181,74
181,71
181,69
181,66
181,48
181,45
181,43
181,40
181,37
181,34
181,32
181,26
181,24
181,21
181,15
181,13
181,10
181,7
181,5
180,6
180,3
180,1
179,2
178,4
178,1
177,4
177,1
176,5
176,3
176,0
175,4
175,1
174,6
174,3
174,0
173,3
173,0
172,3
172,0
171,3
171,0
170,5
170,3
170,0
169,4
169,2
168,7
168,4
168,1
167,4
167,1
166,5
166,3
166,0
165,4
165,1
164,4
164,1
163,5
163,3
163,0
162,5
162,2
162,0
161,3
161,0
160,4
160,1
159,6
159,4
159,1
158,4
158,1
157,5
157,2
156,6
156,4
156,1
155,4
155,1
154,7
154,4
154,1
153,3
153,0
152,1
151,6
151,4
151,1
150,3
150,1
149,4
149,1
148,8
148,6
148,3
148,0
147,4
147,1
146,6
146,4
146,1
145,14
145,11
145,9
145,6
145,3
145,1
144,3
144,0
143,3
143,1
142,5
142,2
142,0
141,4
141,1
140,3
140,1
139,3
139,0
138,2
137,5
137,2
137,0
136,1
135,5
135,2
135,0
134,3
134,0
133,206
133,203
133,200
133,197
133,195
133,192
133,166
133,164
133,161
133,158
133,155
133,153
133,150
133,147
133,145
133,142
133,139
133,136
133,134
133,131
133,128
133,126
133,123
133,120
133,118
133,115
133,112
133,109
133,107
133,104
133,101
133,99
133,96
133,93
133,90
133,88
133,85
133,82
133,80
133,77
133,74
133,71
133,69
133,66
133,63
133,61
133,58
133,55
133,53
133,50
133,47
133,44
133,42
133,39
133,36
133,34
133,31
133,28
133,25
133,23
133,20
133,17
133,15
133,12
133,9
133,6
133,4
133,1
132,2
132,0
131,2
130,5
130,2
130,0
129,4
129,1
128,5
128,2
127,5
127,3
127,0
126,1
125,4
125,2
124,5
124,2
124,0
123,2
122,5
122,2
122,0
121,4
121,1
120,4
120,1
119,4
119,1
118,6
118,3
118,0
117,4
117,1
116,4
116,2
115,7
115,4
115,1
113,7
113,4
113,1
112,5
112,2
111,3
111,0
110,6
110,3
110,0
109,3
109,0
108,10
108,7
108,5
108,2
107,11
107,9
107,6
107,3
107,1
106,8
106,5
106,2
106,0
105,7
105,4
105,2
104,9
104,6
104,3
104,1
103,11
103,8
103,6
103,3
103,0
102,3
102,1
101,5
101,2
101,0
100,5
100,2
99,5
99,3
99,0
98,2
98,0
97,2
96,4
96,2
95,6
95,3
95,0
94,3
94,0
93,2
93,0
92,1
91,2
90,4
90,2
89,4
89,1
88,4
88,1
87,4
87,1
86,3
86,0
85,2
85,0
84,2
83,4
83,2
82,4
82,1
81,5
81,3
81,0
80,5
80,3
80,0
79,2
78,4
78,2
77,4
77,1
76,6
76,3
76,0
75,4
75,2
74,5
74,2
74,0
73,4
73,1
72,6
72,4
72,1
71,6
71,4
71,1
70,3
70,1
69,2
68,3
68,0
67,4
67,1
66,5
66,3
66,0
65,40
65,37
65,35
65,32
65,29
65,27
65,24
65,21
65,18
65,16
65,13
65,10
65,8
65,5
65,2
65,0
64,8
64,5
64,2
64,0
63,4
63,1
62,6
62,3
62,0
61,4
61,2
60,6
60,3
60,1
59,10
59,7
59,4
59,2
58,3
58,0
57,5
57,2
56,5
56,2
56,0
55,8
55,5
55,3
55,0
54,5
54,3
54,0
53,5
53,2
53,0
52,5
52,2
52,0
51,4
51,1
50,5
50,3
50,0
49,4
49,2
48,9
48,6
48,3
48,1
47,4
47,1
46,4
46,1
45,5
45,3
45,0
44,3
44,0
43,17
43,14
43,11
43,9
43,6
43,3
43,0
42,6
42,2
41,2
41,0
40,2
39,6
39,3
39,1
38,5
38,2
38,0
37,4
37,1
36,5
36,2
35,6
35,3
35,1
34,4
34,1
33,5
33,2
32,7
32,4
32,2
31,6
31,3
31,1
30,6
30,3
30,0
29,5
29,2
28,4
28,2
27,3
27,0
26,6
26,4
26,1
25,3
25,1
24,14
24,11
24,9
24,6
24,3
24,0
23,4
23,1
22,4
22,2
21,5
21,2
20,4
20,2
19,4
19,1
18,5
18,2
17,9
17,6
17,4
17,1
16,6
16,4
16,1
15,5
15,3
15,0
14,5
14,2
14,0
13,6
13,3
13,1
12,3
12,0
11,4
11,2
10,4
10,1
9,8
9,5
8,25
8,22
8,17
8,14
8,12
8,9
8,6
8,3
8,1
7,20
7,17
7,15
7,12
7,9
7,7
7,4
7,1
6,20
6,18
6,15
6,12
6,10
6,7
6,4
6,1
5,9
5,2
4,0
2,120
2,117
2,114
2,111
2,109
2,106
2,103
2,101
2,98
2,95
2,93
2,90
2,87
2,84
2,82
2,79
2,76
2,74
2,71
2,68
2,65
2,35
2,32
2,29
2,27
2,24
2,21
2,18
2,16
2,13
2,10
2,8
2,5
2,2
0,347
0,274
0,349
0,273
0,351
0,272
0,432
0,271
0,495
0,270
0,312
0,269
0,360
0,268
0,301
0,267
0,410
0,266
0,339
0,265
0,333
0,264
0,346
0,263
0,368
0,262
0,492
0,261
0,340
0,260
0,391
0,259
0,439
